  0.0000000e+000
  0.0000000e+000
  0.0000000e+000
  0.0000000e+000
  0.0000000e+000
  0.0000000e+000
  0.0000000e+000
  0.0000000e+000
  0.0000000e+000
  0.0000000e+000
  0.0000000e+000
  0.0000000e+000
  0.0000000e+000
  0.0000000e+000
  0.0000000e+000
  0.0000000e+000
  0.0000000e+000
  0.0000000e+000
  0.0000000e+000
  0.0000000e+000
  0.0000000e+000
  0.0000000e+000
  0.0000000e+000
  0.0000000e+000
  0.0000000e+000
  0.0000000e+000
  0.0000000e+000
  0.0000000e+000
  0.0000000e+000
  0.0000000e+000
  0.0000000e+000
  0.0000000e+000
  0.0000000e+000
  0.0000000e+000
  0.0000000e+000
  0.0000000e+000
  0.0000000e+000
  0.0000000e+000
  0.0000000e+000
  0.0000000e+000
  0.0000000e+000
  0.0000000e+000
  0.0000000e+000
  0.0000000e+000
  0.0000000e+000
  0.0000000e+000
  0.0000000e+000
  0.0000000e+000
  0.0000000e+000
  0.0000000e+000
  0.0000000e+000
  0.0000000e+000
  0.0000000e+000
  0.0000000e+000
  0.0000000e+000
  0.0000000e+000
  0.0000000e+000
  0.0000000e+000
  0.0000000e+000
  0.0000000e+000
  0.0000000e+000
  0.0000000e+000
  0.0000000e+000
  0.0000000e+000
  0.0000000e+000
  0.0000000e+000
  0.0000000e+000
  0.0000000e+000
  0.0000000e+000
  0.0000000e+000
  0.0000000e+000
  0.0000000e+000
  0.0000000e+000
  0.0000000e+000
  0.0000000e+000
  0.0000000e+000
  0.0000000e+000
  0.0000000e+000
  0.0000000e+000
  0.0000000e+000
  0.0000000e+000
  0.0000000e+000
  0.0000000e+000
  0.0000000e+000
  0.0000000e+000
  0.0000000e+000
  0.0000000e+000
  0.0000000e+000
  0.0000000e+000
  0.0000000e+000
  0.0000000e+000
  0.0000000e+000
  0.0000000e+000
  0.0000000e+000
  0.0000000e+000
  0.0000000e+000
  0.0000000e+000
  0.0000000e+000
  0.0000000e+000
  0.0000000e+000
  0.0000000e+000
  0.0000000e+000
  0.0000000e+000
  0.0000000e+000
  0.0000000e+000
  0.0000000e+000
  0.0000000e+000
  0.0000000e+000
  0.0000000e+000
  0.0000000e+000
  0.0000000e+000
  0.0000000e+000
  0.0000000e+000
  0.0000000e+000
  0.0000000e+000
  0.0000000e+000
  0.0000000e+000
  0.0000000e+000
  0.0000000e+000
  0.0000000e+000
  0.0000000e+000
  0.0000000e+000
  0.0000000e+000
  0.0000000e+000
  0.0000000e+000
  0.0000000e+000
  0.0000000e+000
  0.0000000e+000
 -1.1991188e-003
 -1.0896626e-002
 -1.9821618e-002
 -2.6650192e-002
 -3.0252262e-002
 -2.9867430e-002
 -2.5241785e-002
 -1.6703053e-002
 -5.1586110e-003
  7.9892348e-003
  2.1004911e-002
  3.2040892e-002
  3.9391573e-002
  4.1745882e-002
  3.8402515e-002
  2.9414321e-002
  1.5636046e-002
 -1.3384171e-003
 -1.9348372e-002
 -3.5931594e-002
 -4.8651435e-002
 -5.5443595e-002
 -5.4934594e-002
 -4.6684627e-002
 -3.1314980e-002
 -1.0493824e-002
  1.3227381e-002
  3.6713889e-002
  5.6650795e-002
  6.9999004e-002
  7.4442889e-002
  6.8765504e-002
  5.3093293e-002
  2.8966923e-002
 -7.8324365e-004
 -3.2352162e-002
 -6.1433310e-002
 -8.3793244e-002
 -9.5872607e-002
 -9.5330143e-002
 -8.1449090e-002
 -5.5339777e-002
 -1.9897022e-002
  2.0496826e-002
  6.0496889e-002
  9.4488503e-002
  1.1735999e-001
  1.2525107e-001
  1.1616974e-001
  9.0382639e-002
  5.0510481e-002
  1.2976936e-003
 -5.0930126e-002
 -9.9062465e-002
 -1.3615613e-001
 -1.5641805e-001
 -1.5608192e-001
 -1.3404908e-001
 -9.2190320e-002
 -3.5247302e-002
  2.9674464e-002
  9.3971973e-002
  1.4866789e-001
  1.8564630e-001
  1.9883318e-001
  1.8515278e-001
  1.4511361e-001
  8.2922652e-002
  6.0871967e-003
 -7.5465748e-002
 -1.5065337e-001
 -2.0872612e-001
 -2.4078413e-001
 -2.4110968e-001
 -2.0811961e-001
 -1.4478592e-001
 -5.8439673e-002
  4.0043540e-002
  1.3759182e-001
  2.2065508e-001
  2.7706956e-001
  2.9781455e-001
  2.7841042e-001
  2.1974618e-001
  1.2819508e-001
  1.4970580e-002
 -1.0522082e-001
 -2.1607213e-001
 -3.0187294e-001
 -3.4971711e-001
 -3.5141302e-001
 -3.0481731e-001
 -2.1438186e-001
 -9.0805335e-002
  5.0198534e-002
  1.8987969e-001
  3.0893138e-001
  3.9014468e-001
  4.2087476e-001
  3.9496788e-001
  3.1386001e-001
  1.8666278e-001
  2.9186888e-002
 -1.3800050e-001
 -2.9224914e-001
 -4.1188451e-001
 -4.7924012e-001
 -4.8324081e-001
 -4.2116205e-001
 -2.9929229e-001
 -1.3236879e-001
  5.8175916e-002
  2.4695302e-001
  4.0799396e-001
  5.1831629e-001
  5.6119015e-001
  5.2864232e-001
  4.2282695e-001
  2.5603757e-001
  4.9317607e-002
 -1.7018026e-001
 -3.7275672e-001
 -5.3018384e-001
 -6.1963491e-001
 -6.2697923e-001
 -5.4896796e-001
 -3.9397774e-001
 -1.8117002e-001
  6.1859938e-002
  3.0265896e-001
  5.0825402e-001
  6.4967197e-001
  7.0602078e-001
  6.6755729e-001
  5.3729303e-001
  3.3088121e-001
  7.4760202e-002
 -1.9723051e-001
 -4.4832927e-001
 -6.4383243e-001
 -7.5589948e-001
 -7.6751636e-001
 -6.7505288e-001
 -4.8903217e-001
 -2.3297023e-001
  5.9593035e-002
  3.4949726e-001
  5.9722015e-001
  7.6828282e-001
  8.3806027e-001
  7.9532401e-001
  6.4400731e-001
  4.0291969e-001
  1.0341605e-001
 -2.1469225e-001
 -5.0844977e-001
 -7.3758122e-001
 -8.7003475e-001
 -8.8647826e-001
 -7.8311612e-001
 -5.7241620e-001
 -2.8161936e-001
  5.0792710e-002
  3.8021218e-001
  6.6191942e-001
  8.5718251e-001
  9.3860586e-001
  8.9398629e-001
  7.2813173e-001
  4.6237271e-001
  1.3181085e-001
 -2.1933965e-001
 -5.4369646e-001
 -7.9713607e-001
 -9.4482709e-001
 -9.6604064e-001
 -8.5707019e-001
 -6.3184820e-001
 -3.2015987e-001
  3.6316446e-002
  3.8961290e-001
  6.9196262e-001
  9.0229374e-001
  9.9183938e-001
  9.4809308e-001
  7.7656296e-001
  5.0007742e-001
  1.5573011e-001
 -2.1012495e-001
 -5.4814883e-001
 -8.1270951e-001
 -9.6807712e-001
 -9.9327696e-001
 -8.8493725e-001
 -6.5774285e-001
 -3.4243355e-001
  1.8378716e-002
  3.7600133e-001
  6.8226958e-001
  8.9607044e-001
  9.8889282e-001
  9.4865091e-001
  7.8126501e-001
  5.0979207e-001
  1.7123376e-001
 -1.8853409e-001
 -5.2101197e-001
 -7.8165079e-001
 -9.3585380e-001
 -9.6359310e-001
 -8.6202170e-001
 -6.4573898e-001
 -3.4468980e-001
 -1.8206571e-014
  3.4166983e-001
  6.3447340e-001
  8.3956209e-001
  9.3026464e-001
  8.9556900e-001
  7.4145026e-001
  4.8988615e-001
  1.7571772e-001
 -1.5819519e-001
 -4.6684763e-001
 -7.0918357e-001
 -8.5358138e-001
 -8.8199462e-001
 -7.9220407e-001
 -5.9790080e-001
 -3.2661845e-001
 -1.5825037e-002
  2.9226988e-001
  5.5647044e-001
  7.4212430e-001
  8.2568186e-001
  7.9768338e-001
  6.6379524e-001
  4.4378794e-001
  1.6862922e-001
 -1.2388137e-001
 -3.9432006e-001
 -6.0696900e-001
 -7.3454605e-001
 -7.6170640e-001
 -6.8686661e-001
 -5.2213801e-001
 -2.9141655e-001
 -2.6925417e-002
  2.3529039e-001
  4.6028653e-001
  6.1888521e-001
  6.9146041e-001
  6.7035133e-001
  5.6060995e-001
  3.7902081e-001
  1.5156604e-001
 -9.0284696e-002
 -3.1393040e-001
 -4.9003753e-001
 -5.9638739e-001
 -6.2066759e-001
 -5.6185896e-001
 -4.3006821e-001
 -2.4487049e-001
 -3.2425749e-002
  1.7820889e-001
  3.5905169e-001
  4.8691082e-001
  5.4634825e-001
  5.3151592e-001
  4.4665041e-001
  3.0519973e-001
  1.2774111e-001
 -6.0993066e-002
 -2.3555331e-001
 -3.7319836e-001
 -4.5684748e-001
 -4.7717820e-001
 -4.3361538e-001
 -3.3411519e-001
 -1.9381338e-001
 -3.2757722e-002
  1.2693951e-001
  2.6412653e-001
  3.6140204e-001
  4.0730399e-001
  3.9762462e-001
  3.3570691e-001
  2.3171958e-001
  1.0104572e-001
 -3.7965797e-002
 -1.6656064e-001
 -2.6809560e-001
 -3.3017579e-001
 -3.4614047e-001
 -3.1572374e-001
 -2.4483423e-001
 -1.4451837e-001
 -2.9279065e-002
  8.4998696e-002
  1.8322125e-001
  2.5306341e-001
  2.8649280e-001
  2.8065620e-001
  2.3803645e-001
  1.6589018e-001
  7.5072795e-002
 -2.1565206e-002
 -1.1097714e-001
 -1.8166475e-001
 -2.2513766e-001
 -2.3690514e-001
 -2.1688899e-001
 -1.6922892e-001
 -1.0153445e-001
 -2.3709397e-002
  5.3473803e-002
  1.1984757e-001
  1.6717107e-001
  1.9013134e-001
  1.8690524e-001
  1.5922893e-001
  1.1198967e-001
  5.2418380e-002
 -1.0989273e-002
 -6.9665393e-002
 -1.1611105e-001
 -1.4483634e-001
 -1.5298430e-001
 -1.4057169e-001
 -1.1033478e-001
 -6.7221333e-002
 -1.7615617e-002
  3.1586128e-002
  7.3918182e-002
  1.0417921e-001
  1.1905222e-001
  1.1743965e-001
  1.0048477e-001
  7.1294007e-002
  3.4413922e-002
 -4.8534361e-003
 -4.1196496e-002
 -6.9998454e-002
 -8.7908487e-002
 -9.3211487e-002
 -8.5958842e-002
 -6.7856880e-002
 -4.1942159e-002
 -1.2099539e-002
  1.7503397e-002
  4.2985216e-002
  6.1246884e-002
  7.0333761e-002
  6.9623407e-002
  5.9824960e-002
  4.2801864e-002
  2.1252592e-002
 -1.6992512e-003
 -2.2945189e-002
 -3.9801992e-002
 -5.0339059e-002
 -5.3584841e-002
 -4.9592681e-002
 -3.9366489e-002
 -2.4665280e-002
 -7.7205598e-003
  9.0901279e-003
  2.3567182e-002
  3.3967562e-002
  3.9204088e-002
  3.8944293e-002
  3.3602559e-002
  2.4233855e-002
  1.2349982e-002
 -3.1191909e-004
 -1.2034540e-002
 -2.1345740e-002
 -2.7195524e-002
 -2.9064581e-002
 -2.6994848e-002
 -2.1543587e-002
 -1.3672574e-002
 -4.5917906e-003
  1.8321678e-001
  5.2504918e-001
  7.9638136e-001
  9.6078057e-001
  9.9617236e-001
  8.9780454e-001
  6.7888531e-001
  3.6880973e-001
  9.2127514e-003
 -3.5162125e-001
 -6.6524182e-001
 -8.8953800e-001
 -9.9439274e-001
 -9.6572684e-001
 -8.0738935e-001
 -5.4064082e-001
 -2.0129852e-001
  1.6507285e-001
  5.0927929e-001
  7.8510300e-001
  9.5550813e-001
  9.9761378e-001
  9.0576628e-001
  6.9229831e-001
  3.8587299e-001
  2.7635126e-002
 -3.3431340e-001
 -6.5137248e-001
 -8.8096946e-001
 -9.9227553e-001
 -9.7034523e-001
 -8.1812323e-001
 -5.5604891e-001
 -2.1931192e-001
  1.4687287e-001
  4.9333651e-001
  7.7355810e-001
  9.4991129e-001
  9.9871651e-001
  9.1342051e-001
  7.0547628e-001
  4.0280525e-001
  4.6048119e-002
 -3.1689206e-001
 -6.3728201e-001
 -8.7210183e-001
 -9.8982144e-001
 -9.7463420e-001
 -8.2857936e-001
 -5.7126822e-001
 -2.3725085e-001
  1.2862302e-001
  4.7722623e-001
  7.6175057e-001
  9.4399195e-001
  9.9948017e-001
  9.2076463e-001
  7.1841475e-001
  4.1960076e-001
  6.4445479e-002
 -2.9936312e-001
 -6.2297517e-001
 -8.6293813e-001
 -9.8703131e-001
 -9.7859228e-001
 -8.3875419e-001
 -5.8629358e-001
 -2.5510925e-001
  1.1032951e-001
  4.6095394e-001
  7.4968443e-001
  9.3775213e-001
  9.9990451e-001
  9.2779616e-001
  7.3110931e-001
  4.3625381e-001
  8.2820959e-002
 -2.8173256e-001
 -6.0845684e-001
 -8.5348146e-001
 -9.8390608e-001
 -9.8221813e-001
 -8.4864426e-001
 -6.0111990e-001
 -2.7288103e-001
  9.1998545e-002
  4.4452515e-001
  7.3736378e-001
  9.3119395e-001
  9.9998939e-001
  9.3451270e-001
  7.4355566e-001
  4.5275876e-001
  1.0116832e-001
 -2.6400634e-001
 -5.9373194e-001
 -8.4373503e-001
 -9.8044682e-001
 -9.8551052e-001
 -8.5824621e-001
 -6.1574214e-001
 -2.9056017e-001
  7.3636344e-002
  4.2794544e-001
  7.2479279e-001
  9.2431962e-001
  9.9973477e-001
  9.4091197e-001
  7.5574957e-001
  4.6910999e-001
  1.1948134e-001
 -2.4619050e-001
 -5.7880546e-001
 -8.3370215e-001
 -9.7665469e-001
 -9.8846832e-001
 -8.6755680e-001
 -6.3015533e-001
 -3.0814067e-001
  5.5249144e-002
  4.1122045e-001
  7.1197573e-001
  9.1713149e-001
  9.9914074e-001
  9.4699181e-001
  7.6768691e-001
  4.8530196e-001
  1.3775379e-001
 -2.2829107e-001
 -5.6368248e-001
 -8.2338624e-001
 -9.7253099e-001
 -9.9109055e-001
 -8.7657285e-001
 -6.4435459e-001
 -3.2561655e-001
  3.6843186e-002
  3.9435586e-001
  6.9891696e-001
  9.0963200e-001
  9.9820751e-001
  9.5275014e-001
  7.7936362e-001
  5.0132917e-001
  1.5597948e-001
 -2.1031414e-001
 -5.4836813e-001
 -8.1279078e-001
 -9.6807712e-001
 -9.9337629e-001
 -8.8529130e-001
 -6.5833509e-001
 -3.4298188e-001
  1.8424721e-002
  3.7735737e-001
  6.8562091e-001
  9.0182368e-001
  9.9693538e-001
  9.5818501e-001
  7.9077574e-001
  5.1718619e-001
  1.7415221e-001
 -1.9226581e-001
 -5.3286761e-001
 -8.0191938e-001
 -9.6329459e-001
 -9.9532479e-001
 -8.9370920e-001
 -6.7209209e-001
 -3.6023078e-001
 -9.7971744e-015
  3.6023078e-001
  6.7209209e-001
  8.9370920e-001
  9.9532479e-001
  9.6329459e-001
  8.0191938e-001
  5.3286761e-001
  1.9226581e-001
 -1.7415221e-001
 -5.1718619e-001
 -7.9077574e-001
 -9.5818501e-001
 -9.9693538e-001
 -9.0182368e-001
 -6.8562091e-001
 -3.7735737e-001
 -1.8424721e-002
  3.4298188e-001
  6.5833509e-001
  8.8529130e-001
  9.9337629e-001
  9.6807712e-001
  8.1279078e-001
  5.4836813e-001
  2.1031414e-001
 -1.5597948e-001
 -5.0132917e-001
 -7.7936362e-001
 -9.5275014e-001
 -9.9820751e-001
 -9.0963200e-001
 -6.9891696e-001
 -3.9435586e-001
 -3.6843186e-002
  3.2561655e-001
  6.4435459e-001
  8.7657285e-001
  9.9109055e-001
  9.7253099e-001
  8.2338624e-001
  5.6368248e-001
  2.2829107e-001
 -1.3775379e-001
 -4.8530196e-001
 -7.6768691e-001
 -9.4699181e-001
 -9.9914074e-001
 -9.1713149e-001
 -7.1197573e-001
 -4.1122045e-001
 -5.5249144e-002
  3.0814067e-001
  6.3015533e-001
  8.6755680e-001
  9.8846832e-001
  9.7665469e-001
  8.3370215e-001
  5.7880546e-001
  2.4619050e-001
 -1.1948134e-001
 -4.6910999e-001
 -7.5574957e-001
 -9.4091197e-001
 -9.9973477e-001
 -9.2431962e-001
 -7.2479279e-001
 -4.2794544e-001
 -7.3636344e-002
  2.9056017e-001
  6.1574214e-001
  8.5824621e-001
  9.8551052e-001
  9.8044682e-001
  8.4373503e-001
  5.9373194e-001
  2.6400634e-001
 -1.0116832e-001
 -4.5275876e-001
 -7.4355566e-001
 -9.3451270e-001
 -9.9998939e-001
 -9.3119395e-001
 -7.3736378e-001
 -4.4452515e-001
 -9.1998545e-002
  2.7288103e-001
  6.0111990e-001
  8.4864426e-001
  9.8221813e-001
  9.8390608e-001
  8.5348146e-001
  6.0845684e-001
  2.8173256e-001
 -8.2820959e-002
 -4.3625381e-001
 -7.3110931e-001
 -9.2779616e-001
 -9.9990451e-001
 -9.3775213e-001
 -7.4968443e-001
 -4.6095394e-001
 -1.1032951e-001
  2.5510925e-001
  5.8629358e-001
  8.3875419e-001
  9.7859228e-001
  9.8703131e-001
  8.6293813e-001
  6.2297517e-001
  2.9936312e-001
 -6.4445479e-002
 -4.1960076e-001
 -7.1841475e-001
 -9.2076463e-001
 -9.9948017e-001
 -9.4399195e-001
 -7.6175057e-001
 -4.7722623e-001
 -1.2862302e-001
  2.3725085e-001
  5.7126822e-001
  8.2857936e-001
  9.7463420e-001
  9.8982144e-001
  8.7210183e-001
  6.3728201e-001
  3.1689206e-001
 -4.6048119e-002
 -4.0280525e-001
 -7.0547628e-001
 -9.1342051e-001
 -9.9871651e-001
 -9.4991129e-001
 -7.7355810e-001
 -4.9333651e-001
 -1.4687287e-001
  2.1931192e-001
  5.5604891e-001
  8.1812323e-001
  9.7034523e-001
  9.9227553e-001
  8.8096946e-001
  6.5137248e-001
  3.3431340e-001
 -2.7635126e-002
 -3.8587299e-001
 -6.9229831e-001
 -9.0576628e-001
 -9.9761378e-001
 -9.5550813e-001
 -7.8510300e-001
 -5.0927929e-001
 -1.6507285e-001
  2.0129852e-001
  5.4064082e-001
  8.0738935e-001
  9.6572684e-001
  9.9439274e-001
  8.8953800e-001
  6.6524182e-001
  3.5162125e-001
 -9.2127514e-003
 -3.6880973e-001
 -6.7888531e-001
 -8.9780454e-001
 -9.9617236e-001
 -9.6078057e-001
 -7.9638136e-001
 -5.2504918e-001
 -1.8321678e-001
  1.8321678e-001
  5.2504918e-001
  7.9638136e-001
  9.6078057e-001
  9.9617236e-001
  8.9780454e-001
  6.7888531e-001
  3.6880973e-001
  9.2127514e-003
 -3.5162125e-001
 -6.6524182e-001
 -8.8953800e-001
 -9.9439274e-001
 -9.6572684e-001
 -8.0738935e-001
 -5.4064082e-001
 -2.0129852e-001
  1.6507285e-001
  5.0927929e-001
  7.8510300e-001
  9.5550813e-001
  9.9761378e-001
  9.0576628e-001
  6.9229831e-001
  3.8587299e-001
  2.7635126e-002
 -3.3431340e-001
 -6.5137248e-001
 -8.8096946e-001
 -9.9227553e-001
 -9.7034523e-001
 -8.1812323e-001
 -5.5604891e-001
 -2.1931192e-001
  1.4687287e-001
  4.9333651e-001
  7.7355810e-001
  9.4991129e-001
  9.9871651e-001
  9.1342051e-001
  7.0547628e-001
  4.0280525e-001
  4.6048119e-002
 -3.1689206e-001
 -6.3728201e-001
 -8.7210183e-001
 -9.8982144e-001
 -9.7463420e-001
 -8.2857936e-001
 -5.7126822e-001
 -2.3725085e-001
  1.2862302e-001
  4.7722623e-001
  7.6175057e-001
  9.4399195e-001
  9.9948017e-001
  9.2076463e-001
  7.1841475e-001
  4.1960076e-001
  6.4445479e-002
 -2.9936312e-001
 -6.2297517e-001
 -8.6293813e-001
 -9.8703131e-001
 -9.7859228e-001
 -8.3875419e-001
 -5.8629358e-001
 -2.5510925e-001
  1.1032951e-001
  4.6095394e-001
  7.4968443e-001
  9.3775213e-001
  9.9990451e-001
  9.2779616e-001
  7.3110931e-001
  4.3625381e-001
  8.2820959e-002
 -2.8173256e-001
 -6.0845684e-001
 -8.5348146e-001
 -9.8390608e-001
 -9.8221813e-001
 -8.4864426e-001
 -6.0111990e-001
 -2.7288103e-001
  9.1998545e-002
  4.4452515e-001
  7.3736378e-001
  9.3119395e-001
  9.9998939e-001
  9.3451270e-001
  7.4355566e-001
  4.5275876e-001
  1.0116832e-001
 -2.6400634e-001
 -5.9373194e-001
 -8.4373503e-001
 -9.8044682e-001
 -9.8551052e-001
 -8.5824621e-001
 -6.1574214e-001
 -2.9056017e-001
  7.3636344e-002
  4.2794544e-001
  7.2479279e-001
  9.2431962e-001
  9.9973477e-001
  9.4091197e-001
  7.5574957e-001
  4.6910999e-001
  1.1948134e-001
 -2.4619050e-001
 -5.7880546e-001
 -8.3370215e-001
 -9.7665469e-001
 -9.8846832e-001
 -8.6755680e-001
 -6.3015533e-001
 -3.0814067e-001
  5.5249144e-002
  4.1122045e-001
  7.1197573e-001
  9.1713149e-001
  9.9914074e-001
  9.4699181e-001
  7.6768691e-001
  4.8530196e-001
  1.3775379e-001
 -2.2829107e-001
 -5.6368248e-001
 -8.2338624e-001
 -9.7253099e-001
 -9.9109055e-001
 -8.7657285e-001
 -6.4435459e-001
 -3.2561655e-001
  3.6843186e-002
  3.9435586e-001
  6.9891696e-001
  9.0963200e-001
  9.9820751e-001
  9.5275014e-001
  7.7936362e-001
  5.0132917e-001
  1.5597948e-001
 -2.1031414e-001
 -5.4836813e-001
 -8.1279078e-001
 -9.6807712e-001
 -9.9337629e-001
 -8.8529130e-001
 -6.5833509e-001
 -3.4298188e-001
  1.8424721e-002
  3.7735737e-001
  6.8562091e-001
  9.0182368e-001
  9.9693538e-001
  9.5818501e-001
  7.9077574e-001
  5.1718619e-001
  1.7415221e-001
 -1.9226581e-001
 -5.3286761e-001
 -8.0191938e-001
 -9.6329459e-001
 -9.9532479e-001
 -8.9370920e-001
 -6.7209209e-001
 -3.6023078e-001
 -4.3117471e-014
