  8.5000000e+000
  5.7579731e+002
  9.4337566e+002
  9.7993031e+002
  6.7404517e+002
  1.3533950e+002
 -4.5135284e+002
 -8.7083534e+002
 -9.8141099e+002
 -7.4253909e+002
 -2.3770232e+002
  3.5516016e+002
  8.2588007e+002
  1.0102210e+003
  8.3988743e+002
  3.7889296e+002
 -2.1453197e+002
 -7.2679999e+002
 -9.7976095e+002
 -8.8463612e+002
 -4.7377776e+002
  1.0811673e+002
  6.5683831e+002
  9.7492991e+002
  9.5253769e+002
  5.9656464e+002
  3.4131352e+001
 -5.3592167e+002
 -9.1562346e+002
 -9.6981699e+002
 -6.7558133e+002
 -1.3923310e+002
  4.4488762e+002
  8.7872726e+002
  1.0064334e+003
  7.7980177e+002
  2.8371558e+002
 -3.1270966e+002
 -7.9285706e+002
 -9.8958944e+002
 -8.3487014e+002
 -3.8289324e+002
  2.0946997e+002
  7.3059504e+002
  9.9773528e+002
  9.1412229e+002
  5.1389838e+002
 -6.4580572e+001
 -6.1572275e+002
 -9.3231972e+002
 -9.1860407e+002
 -5.8771069e+002
 -3.5746830e+001
  5.3395089e+002
  9.2553693e+002
  9.9408637e+002
  7.1568510e+002
  1.8678181e+002
 -4.0214630e+002
 -8.4481953e+002
 -9.8732663e+002
 -7.7482775e+002
 -2.8355643e+002
  3.0880643e+002
  7.9857775e+002
  1.0098266e+003
  8.7181953e+002
  4.6314630e+002
 -8.7281810e+001
 -6.0293510e+002
 -9.4433637e+002
 -8.6428693e+002
 -4.5095089e+002
  1.6924683e+002
  7.0021069e+002
  1.0101041e+003
  1.0185697e+003
  9.3347275e+002
  2.7558057e+002
 -4.6614838e+002
 -8.8587229e+002
 -8.1498528e+002
 -4.5834504e+002
 -1.4896997e+002
  4.6439324e+002
  1.4318701e+003
  2.4418394e+003
  1.2066071e+003
  7.5195966e+002
  5.1703442e+002
 -6.1801768e+001
 -6.7518342e+002
 -6.4822726e+002
 -1.4213762e+002
  8.4348310e+002
  1.1973313e+003
  1.4853170e+003
  1.4066235e+003
  7.2017167e+002
  2.9868648e+001
 -5.4206464e+002
 -9.1728769e+002
 -9.3692991e+002
 -5.9108831e+002
 -6.4116733e+001
  5.1877776e+002
  9.2788612e+002
  1.0345109e+003
  7.8304999e+002
  2.6003197e+002
 -3.2964296e+002
 -7.7238743e+002
 -9.0822104e+002
 -7.7988007e+002
 -3.1391016e+002
  2.7920232e+002
  7.8278909e+002
  1.0406610e+003
  1.1183353e+003
  7.8010284e+002
 -3.7339500e+001
 -5.7404517e+002
 -9.1568031e+002
 -8.9937566e+002
 -4.6554731e+002
  1.7450000e+002
  1.7155473e+003
  1.4211257e+003
  1.5961803e+003
  1.3087952e+003
  7.1683950e+002
 -2.4485284e+002
 -4.9533534e+002
 -9.4391099e+002
 -6.9053909e+002
 -1.7295232e+002
  5.2841016e+002
  9.9263007e+002
  1.1594710e+003
  1.2941374e+003
  8.1114296e+002
  5.3221803e+002
 -5.9454999e+002
 -9.3176095e+002
 -8.6288612e+002
 -4.4452776e+002
  1.6636673e+002
  7.5358831e+002
  1.4501799e+003
  1.3207877e+003
  1.0435646e+003
  2.0388135e+002
 -5.1992167e+002
 -9.0287346e+002
 -9.6081699e+002
 -6.6883133e+002
 -1.1148310e+002
  4.6188762e+002
  8.8697726e+002
  1.0099334e+003
  7.8305177e+002
  2.8371558e+002
 -3.0845966e+002
 -7.9010706e+002
 -9.8608944e+002
 -8.3062014e+002
 -3.7839324e+002
  2.1121997e+002
  7.3709504e+002
  1.0009853e+003
  9.2112229e+002
  5.5339838e+002
 -6.4580572e+001
 -6.1747275e+002
 -9.4581972e+002
 -9.3860407e+002
 -5.9546069e+002
 -3.9496830e+001
  5.3520089e+002
  9.2478693e+002
  9.9308637e+002
  7.1593510e+002
  1.8678181e+002
 -4.0364630e+002
 -8.4281953e+002
 -9.7432663e+002
 -7.6232775e+002
 -2.8055643e+002
  3.1555643e+002
  8.0057775e+002
  1.0115766e+003
  8.7006953e+002
  4.3039630e+002
 -1.5378181e+002
 -6.7268510e+002
 -9.5658637e+002
 -8.9103693e+002
 -5.0470089e+002
  1.3899683e+002
  6.4271069e+002
  9.7335407e+002
  9.9231972e+002
  1.3552227e+003
  4.2833057e+002
  2.0685162e+002
 -5.9312229e+002
 -8.8148528e+002
 -6.8909504e+002
 -1.7446997e+002
  4.2214324e+002
  8.7487014e+002
  1.0318394e+003
  8.4485706e+002
  3.5470966e+002
 -2.4771558e+002
 -7.5205177e+002
 -9.7868342e+002
 -8.5622726e+002
 -4.2388762e+002
  1.6548310e+002
  7.2858133e+002
  1.0333170e+003
  9.4612346e+002
  5.7192167e+002
  1.2368648e+001
 -5.3931464e+002
 -8.7653769e+002
 -8.9892991e+002
 -5.4533831e+002
  1.4633267e+001
  7.2852776e+002
  1.3903861e+003
  1.3445109e+003
  1.0055500e+003
  6.2303197e+002
  2.7410704e+002
 -3.0788743e+002
  1.3677896e+002
 -2.6363007e+002
  3.2108984e+002
  8.1495232e+002
  1.0587891e+003
  1.0816610e+003
  9.6783534e+002
  7.4835284e+002
  7.2191050e+002
  2.8245483e+002
  1.0303197e+003
  2.1787434e+002
 -4.3604731e+002
  5.6000000e+001
  6.7829731e+002
  1.0688757e+003
  1.0091803e+003
  7.5354517e+002
  2.2383950e+002
 -4.1585284e+002
 -8.1983534e+002
 -8.0966099e+002
 -5.5278909e+002
 -1.8645232e+002
  6.4491016e+002
  1.7511301e+003
  2.0742210e+003
  1.3671374e+003
  4.1764296e+002
 -1.9303197e+002
 -6.9354999e+002
 -9.4951095e+002
 -8.6263612e+002
 -4.5402776e+002
  1.2511673e+002
  6.9583831e+002
  1.0011799e+003
  9.8403769e+002
  8.7906464e+002
  6.1688135e+002
 -2.1417167e+002
 -8.5962346e+002
 -9.2881699e+002
 -6.5633133e+002
 -1.2298310e+002
  4.6638762e+002
  9.0772726e+002
  1.0554334e+003
  8.4430177e+002
  3.2846558e+002
 -2.8370966e+002
 -7.6910706e+002
 -9.6908944e+002
 -8.0687014e+002
 -3.3989324e+002
  2.3646997e+002
  7.5434504e+002
  1.1139853e+003
  9.8512229e+002
  5.6289838e+002
  9.1669428e+001
 -3.6222275e+002
 -4.3181972e+002
 -2.7635407e+002
  5.6653931e+002
  7.9503170e+001
  6.6570089e+002
  1.9842869e+003
  1.0963364e+003
  8.8968510e+002
  3.1528181e+002
 -3.2764630e+002
 -7.2881953e+002
 -9.2182663e+002
 -6.9657775e+002
 -2.2605643e+002
  3.2505643e+002
  8.0982775e+002
  1.0243266e+003
  8.8056953e+002
  4.3264630e+002
 -1.5478181e+002
 -6.7593510e+002
 -9.5433637e+002
 -8.9453693e+002
 -5.0345089e+002
  7.0246830e+001
  6.2971069e+002
  9.7435407e+002
  9.7881972e+002
  6.4497275e+002
  9.5580572e+001
 -4.8489838e+002
 -8.9137229e+002
 -9.7623528e+002
 -7.0809504e+002
 -1.8821997e+002
  4.0339324e+002
  8.5487014e+002
  1.0110894e+003
  8.1385706e+002
  3.3070966e+002
 -2.6321558e+002
 -7.5930177e+002
 -9.8418342e+002
 -8.5647726e+002
 -4.2313762e+002
  1.6473310e+002
  6.9658133e+002
  9.9131699e+002
  9.4912346e+002
  5.7917167e+002
 -1.6313519e+000
 -5.6231464e+002
 -9.0528769e+002
 -9.4217991e+002
 -6.3608831e+002
 -8.7366733e+001
  4.9402776e+002
  9.0813612e+002
  1.0020109e+003
  7.5154999e+002
  2.3578197e+002
 -3.5639296e+002
 -8.1938743e+002
 -9.8847104e+002
 -8.0438007e+002
 -3.3391016e+002
  2.5945232e+002
  7.6703909e+002
  1.0059110e+003
  8.9183534e+002
  4.7135284e+002
 -1.1608950e+002
 -6.5379517e+002
 -9.5818031e+002
 -9.2087566e+002
 -5.5379731e+002
  2.1000000e+001
  5.9004731e+002
  9.4987566e+002
  9.8618031e+002
  6.7954517e+002
  1.3808950e+002
 -4.4485284e+002
 -8.5008534e+002
 -9.4041099e+002
 -3.1603909e+002
  1.5015477e+003
  4.2091016e+002
  8.6013007e+002
  1.0409710e+003
  8.6063743e+002
  3.9239296e+002
 -2.0653197e+002
 -7.2229999e+002
 -9.7676095e+002
 -8.7913612e+002
 -4.6552776e+002
  1.1486673e+002
  6.5908831e+002
  9.7392991e+002
  9.5278769e+002
  5.9706464e+002
  3.5881352e+001
 -5.3667167e+002
 -9.1512346e+002
 -9.6556699e+002
 -6.7133133e+002
 -1.4148310e+002
  4.4938762e+002
  8.8122726e+002
  1.0069334e+003
  7.8155177e+002
  2.8696558e+002
 -3.0495966e+002
 -7.1410706e+002
 -9.8258944e+002
 -7.9412014e+002
 -3.3839324e+002
  2.3271997e+002
  7.5034504e+002
  1.0209853e+003
  9.6087229e+002
  9.1389838e+002
 -9.0805719e+000
 -5.7847275e+002
 -9.2431972e+002
 -8.9035407e+002
 -5.5346069e+002
 -9.9968304e+000
  5.5445089e+002
  9.4803693e+002
  1.0020864e+003
  7.2593510e+002
  1.9878181e+002
 -3.8664630e+002
 -8.0581953e+002
 -9.4857663e+002
 -7.2482775e+002
 -2.1255643e+002
  4.1580643e+002
  9.1682775e+002
  1.0405766e+003
  8.8981953e+002
  4.3539630e+002
 -1.4778181e+002
 -6.7493510e+002
 -9.6308637e+002
 -9.0278693e+002
 -5.0745089e+002
  6.6746830e+001
  6.2971069e+002
  1.1026041e+003
  1.0403197e+003
  6.5372275e+002
  9.8830572e+001
 -4.7839838e+002
 -8.8287229e+002
 -9.6598528e+002
 -7.0159504e+002
 -1.8371997e+002
  4.1039324e+002
  8.6162014e+002
  1.0173394e+003
  8.2210706e+002
  3.3870966e+002
 -2.5571558e+002
 -7.5405177e+002
 -9.7843342e+002
 -8.5422726e+002
 -4.1863762e+002
  1.6798310e+002
  7.0183133e+002
  9.9356699e+002
  9.4237346e+002
  5.6217167e+002
 -8.1313519e+000
 -5.7156464e+002
 -9.2728769e+002
 -9.5017991e+002
 -6.3108831e+002
 -8.4366733e+001
  4.9752776e+002
  9.0988612e+002
  1.0072609e+003
  7.5304999e+002
  2.4103197e+002
 -3.5114296e+002
 -8.1513743e+002
 -9.8447104e+002
 -8.0113007e+002
 -3.2791016e+002
  2.6420232e+002
  7.7078909e+002
  1.0096610e+003
  8.9908534e+002
  4.7510284e+002
 -1.0733950e+002
 -6.4804517e+002
 -9.5443031e+002
 -9.1712566e+002
 -5.5104731e+002
  1.7250000e+001
  5.8529731e+002
  9.5462566e+002
  9.9218031e+002
  6.9029517e+002
  1.5258950e+002
 -4.3185284e+002
 -8.5883534e+002
 -9.7291099e+002
 -7.3253909e+002
 -2.2970232e+002
  3.6141016e+002
  8.3388007e+002
  1.0159710e+003
  8.4738743e+002
  3.8239296e+002
 -2.1203197e+002
 -7.2229999e+002
 -9.7676095e+002
 -8.8038612e+002
 -4.6877776e+002
  1.1561673e+002
  6.6008831e+002
  9.7842991e+002
  9.5628769e+002
  6.0006464e+002
  3.7881352e+001
 -5.3017167e+002
 -9.1287346e+002
 -9.6081699e+002
 -6.6958133e+002
 -1.3398310e+002
  4.5388762e+002
  8.8897726e+002
  1.0176834e+003
  7.9255177e+002
  2.9346558e+002
 -3.0320966e+002
 -7.8535706e+002
 -9.8183944e+002
 -8.2912014e+002
 -3.7489324e+002
  2.1346997e+002
  7.3134504e+002
  9.9973528e+002
  9.1937229e+002
  5.1789838e+002
 -5.9580572e+001
 -6.1397275e+002
 -9.4356972e+002
 -9.3435407e+002
 -5.9471069e+002
 -3.6496830e+001
  5.3970089e+002
  9.2903693e+002
  9.9583637e+002
  7.1668510e+002
  1.9028181e+002
 -3.9939630e+002
 -8.4156953e+002
 -9.8307663e+002
 -7.7332775e+002
 -2.8030643e+002
  3.1280643e+002
  8.0157775e+002
  1.0113266e+003
  8.7306953e+002
  4.3189630e+002
 -1.6078181e+002
 -6.8643510e+002
 -9.6658637e+002
 -9.0128693e+002
 -5.1245089e+002
  6.5746830e+001
  6.2446069e+002
  9.6710407e+002
  9.7131972e+002
  6.4047275e+002
  8.8830572e+001
 -4.8989838e+002
 -8.9387229e+002
 -9.7473528e+002
 -7.0659504e+002
 -1.8671997e+002
  4.0514324e+002
  8.5762014e+002
  1.0128394e+003
  8.1710706e+002
  3.3370966e+002
 -2.5996558e+002
 -7.5705177e+002
 -9.8418342e+002
 -8.5747726e+002
 -4.2163762e+002
  1.6173310e+002
  6.9733133e+002
  9.9031699e+002
  9.3862346e+002
  5.6067167e+002
 -1.1631352e+001
 -5.7531464e+002
 -9.3053769e+002
 -9.5192991e+002
 -6.3508831e+002
 -8.5116733e+001
  4.9577776e+002
  9.0813612e+002
  1.0050109e+003
  7.4954999e+002
  2.3853197e+002
 -3.5414296e+002
 -8.1688743e+002
 -9.8497104e+002
 -8.0138007e+002
 -3.2991016e+002
  2.6120232e+002
  7.6878909e+002
  1.0059110e+003
  8.9658534e+002
  4.7435284e+002
 -1.1333950e+002
 -6.5429517e+002
 -9.5793031e+002
 -9.1862566e+002
 -5.5379731e+002
  1.4250000e+001
  5.8429731e+002
  9.5312566e+002
  9.9043031e+002
  6.8329517e+002
  1.7008950e+002
 -3.7310284e+002
 -8.5508534e+002
 -9.7391099e+002
 -7.3753909e+002
 -2.2845232e+002
  3.8441016e+002
  8.7938007e+002
  1.0267210e+003
  8.5463743e+002
  3.9414296e+002
 -1.7728197e+002
 -6.9404999e+002
 -9.2701095e+002
 -8.5163612e+002
 -4.2702776e+002
  5.4611673e+002
  8.2808831e+002
  1.0571799e+003
  1.2140377e+003
  1.7418146e+003
  8.2338135e+002
  1.6232833e+002
 -1.2373461e+001
  2.4718301e+002
  2.8216867e+002
 -2.3733100e+001
  5.8588762e+002
  1.3304773e+003
  1.4786834e+003
  1.2233018e+003
  6.8671558e+002
  2.2040343e+001
 -6.8460706e+002
 -9.6558944e+002
 -8.1112014e+002
 -3.6664324e+002
  2.1896997e+002
  7.3784504e+002
  1.0117353e+003
  9.9312229e+002
  7.0164838e+002
  3.0741943e+002
 -3.5847275e+002
 -4.4256972e+002
 -6.1185407e+002
 -2.3921069e+002
  4.1375317e+002
  6.6795089e+002
  1.0060369e+003
  1.1545864e+003
  1.0241851e+003
  1.2547818e+003
 -7.0646300e+001
 -3.0781953e+002
  1.5226734e+003
  1.2114223e+003
  7.4094357e+002
  1.1738064e+003
  1.3498277e+003
  1.2630766e+003
  1.0438195e+003
  4.9889630e+002
 -9.0781810e+001
 -6.5693510e+002
 -9.4133637e+002
 -8.7278693e+002
 -3.8670089e+002
  1.7449683e+002
  7.0821069e+002
  1.0756041e+003
  1.2990697e+003
  8.9297275e+002
  3.7808057e+002
  7.1016172e+000
 -2.0662229e+002
 -6.4048528e+002
  4.7154960e+001
  2.2778003e+002
  4.5514324e+002
  9.3862014e+002
  1.2790894e+003
  1.2521071e+003
  1.1852097e+003
 -1.3215583e+001
 -7.2855177e+002
 -9.6618342e+002
 -8.4847726e+002
 -4.1188762e+002
  2.5298310e+002
  7.4383133e+002
  1.2938170e+003
  1.0628735e+003
  7.1267167e+002
  1.2161865e+002
 -4.8831464e+002
 -8.2603769e+002
 -8.2242991e+002
 -5.4733831e+002
  4.3832671e+000
  8.7602776e+002
  1.4106361e+003
  1.4747609e+003
  9.0729999e+002
  2.8678197e+002
 -3.2014296e+002
 -7.8838743e+002
 -9.5872104e+002
 -7.7488007e+002
 -2.2841016e+002
  2.7645232e+002
  7.9178909e+002
  1.0389110e+003
  9.2133534e+002
  5.0835284e+002
 -7.3589500e+001
 -6.0929517e+002
 -9.2993031e+002
 -8.5762566e+002
 -5.2554731e+002
  5.7250000e+001
  6.0054731e+002
  9.6237566e+002
  1.0006803e+003
  6.9929517e+002
  2.5308950e+002
 -3.6510284e+002
 -7.9683534e+002
 -8.5866099e+002
 -6.7953909e+002
 -1.9145232e+002
  4.5091016e+002
  8.4938007e+002
  1.0159710e+003
  8.4488743e+002
  3.8039296e+002
 -2.1003197e+002
 -7.2554999e+002
 -9.7401095e+002
 -8.7638612e+002
 -4.5952776e+002
  1.3961673e+002
  6.7858831e+002
  1.3461799e+003
  1.3550377e+003
  6.2181464e+002
  5.1381352e+001
 -5.1967167e+002
 -8.9187346e+002
  1.1218301e+002
 -6.3108133e+002
 -6.8733100e+001
  1.1208876e+003
  1.7752273e+003
  1.6354334e+003
  1.2908018e+003
  3.1871558e+002
 -2.6945966e+002
 -7.5685706e+002
 -9.0733944e+002
 -7.9537014e+002
 -3.2239324e+002
  2.2621997e+002
  7.4284504e+002
  1.0074853e+003
  9.2012229e+002
  5.1789838e+002
 -5.6580572e+001
 -6.0347275e+002
 -9.3806972e+002
 -9.2885407e+002
 -5.7146069e+002
 -1.5746830e+001
  5.4820089e+002
  9.3303693e+002
  1.0030864e+003
  7.2818510e+002
  1.9853181e+002
 -3.7714630e+002
 -8.1981953e+002
 -9.6632663e+002
 -7.5957775e+002
 -2.7505643e+002
  3.1605643e+002
  8.0532775e+002
  1.0143266e+003
  8.7356953e+002
  4.3164630e+002
 -1.5828181e+002
 -6.8643510e+002
 -9.6608637e+002
 -8.9528693e+002
 -4.4370089e+002
  2.0824683e+002
  6.4171069e+002
  9.9510407e+002
  1.1188197e+003
  7.0772275e+002
  1.4483057e+002
 -4.2714838e+002
 -7.7662229e+002
 -9.5798528e+002
 -6.9984504e+002
 -1.7796997e+002
  4.1939324e+002
  8.6462014e+002
  1.0213394e+003
  8.4710706e+002
  3.7745966e+002
 -1.9871558e+002
 -7.2930177e+002
 -9.7618342e+002
 -8.4422726e+002
 -4.1613762e+002
  1.7148310e+002
  7.0633133e+002
  9.9481699e+002
  9.4362346e+002
  5.6317167e+002
 -1.2131352e+001
 -5.6856464e+002
 -9.2478769e+002
 -9.4767991e+002
 -6.2658831e+002
 -8.0116733e+001
  5.0327776e+002
  9.1213612e+002
  1.0145109e+003
  7.5879999e+002
  2.4428197e+002
 -3.4314296e+002
 -7.8988743e+002
 -7.6122104e+002
 -7.7463007e+002
 -3.2941016e+002
  2.6345232e+002
  7.6728909e+002
  1.0071610e+003
  8.9283534e+002
  4.6860284e+002
 -1.1433950e+002
 -6.1254517e+002
 -8.0493031e+002
 -9.1912566e+002
 -5.5204731e+002
  1.3250000e+001
  5.7979731e+002
  9.4962566e+002
  9.8918031e+002
  6.8579517e+002
  1.7183950e+002
 -2.8385284e+002
 -7.8783534e+002
 -7.0141099e+002
  3.2021091e+002
  6.4479768e+002
  1.4729102e+003
  1.0808801e+003
  1.1669710e+003
  1.0718874e+003
  1.3381430e+003
  1.0077180e+003
  3.6720001e+002
 -1.3426095e+002
 -4.6463612e+002
 -1.8427776e+002
  2.7936673e+002
  8.0008831e+002
  1.0974299e+003
  1.1675377e+003
  6.7331464e+002
  1.1738135e+002
 -4.2642167e+002
 -6.9137346e+002
 -7.4681699e+002
 -2.8158133e+002
  4.1826690e+002
  9.8163762e+002
  1.7372273e+003
  1.3144334e+003
  9.3405177e+002
  7.8621558e+002
 -1.1570966e+002
 -6.0160706e+002
 -9.6133944e+002
 -8.0912014e+002
 -3.6364324e+002
  2.2746997e+002
  7.6334504e+002
  1.0394853e+003
  1.0763723e+003
  6.8389838e+002
  7.0669428e+001
 -4.4872275e+002
 -7.1506972e+002
 -8.0210407e+002
 -3.5071069e+002
  9.0375317e+002
  1.2027009e+003
  1.1752869e+003
  1.0168364e+003
  7.2593510e+002
  1.9103181e+002
 -4.0114630e+002
 -8.4431953e+002
 -9.8432663e+002
 -7.7407775e+002
 -2.6580643e+002
  8.3505643e+002
  1.1665777e+003
  1.3868266e+003
  9.1031953e+002
  4.3814630e+002
 -2.4531810e+001
 -5.8818510e+002
 -8.8108637e+002
 -7.7128693e+002
 -4.6295089e+002
  1.3399683e+002
  8.1146069e+002
  1.3711041e+003
  2.1863197e+003
  1.0427227e+003
  2.5333057e+002
 -4.8264838e+002
 -8.8987229e+002
 -9.6998528e+002
 -7.0184504e+002
 -1.7246997e+002
  4.1589324e+002
  1.1596201e+003
  1.9498394e+003
  1.4303571e+003
  1.0174597e+003
  1.2932844e+003
  2.4744823e+002
  1.2753166e+003
  2.6527274e+002
 -3.7613762e+002
  1.8173310e+002
  7.3033133e+002
  1.0330670e+003
  9.9537346e+002
  7.4517167e+002
  2.0736865e+002
 -5.1064642e+001
 -6.1828769e+002
 -6.3392991e+002
 -5.2558831e+002
  4.8413327e+002
  5.7027776e+002
  9.5513612e+002
  1.0667609e+003
  8.1879999e+002
  3.0628197e+002
 -2.8289296e+002
 -7.2638743e+002
 -9.3747104e+002
 -7.4863007e+002
 -2.8241016e+002
  2.8995232e+002
  7.7753909e+002
  1.0099110e+003
  9.0408534e+002
  5.1035284e+002
 -7.0895002e+000
 -7.6295168e+001
  3.1606969e+002
  5.5374341e+001
  3.3295269e+002
  6.0325000e+002
  1.1525473e+003
  1.2091257e+003
  1.1236803e+003
  1.3525452e+003
  3.1708950e+002
  5.6397160e+001
 -5.7708534e+002
  1.6483901e+002
 -6.9753909e+002
 -2.0220232e+002
  4.7966016e+002
  8.8738007e+002
  1.1669710e+003
  1.0163874e+003
  6.7964296e+002
  2.7421803e+002
  9.9500070e+000
 -6.1376095e+002
 -3.0038612e+002
 -2.8952776e+002
  2.9386673e+002
  1.1840883e+003
  1.4279299e+003
  1.3232877e+003
  6.5531464e+002
  1.7138135e+002
 -3.7867167e+002
 -8.0062346e+002
 -8.2906699e+002
 -5.2508133e+002
 -2.4831004e+000
  5.8363762e+002
  1.0274773e+003
  1.4896834e+003
  9.4380177e+002
  9.8096558e+002
  6.1040343e+001
 -5.2535706e+002
 -5.6908944e+002
 -4.3237014e+002
 -2.9889324e+002
  2.9421997e+002
  7.9384504e+002
  1.0854853e+003
  9.9737229e+002
  5.9964838e+002
 -2.8330572e+001
 -5.7222275e+002
 -9.0531972e+002
 -8.9910407e+002
 -4.9696069e+002
  6.4253170e+001
  1.0752009e+003
  2.0485369e+003
  1.6310864e+003
  9.0818510e+002
  2.9903181e+002
 -3.4864630e+002
 -8.2581953e+002
 -9.7682663e+002
 -7.6832775e+002
 -2.7680643e+002
  3.2255643e+002
  8.2632775e+002
  1.0493266e+003
  8.9056953e+002
  4.5714630e+002
 -1.4203181e+002
 -6.6993510e+002
 -9.4258637e+002
 -8.6103693e+002
 -4.0945089e+002
  1.2024683e+002
  7.0246069e+002
  1.0363541e+003
  9.9956972e+002
  6.6772275e+002
  1.1483057e+002
 -3.4139838e+002
 -8.1362229e+002
 -9.4898528e+002
 -5.5109504e+002
  6.3878003e+002
  5.1664324e+002
  1.6181201e+003
  2.3055894e+003
  1.1571071e+003
  6.9170966e+002
 -9.6558311e-001
 -5.0630177e+002
 -6.8393342e+002
 -5.1422726e+002
  9.4862378e+001
  3.5698310e+002
  8.3908133e+002
  1.1153170e+003
  1.1626235e+003
  1.1916717e+003
  2.8411865e+002
 -2.7456464e+002
 -7.5403769e+002
 -7.8842991e+002
 -4.7633831e+002
  2.8133267e+001
  5.8252776e+002
  9.8413612e+002
  1.1037609e+003
  8.4254999e+002
  3.3728197e+002
 -2.3239296e+002
 -5.1488743e+002
  7.5827896e+002
  5.8561993e+002
 -9.0910155e+001
  4.0120232e+002
  9.2153909e+002
  1.7779110e+003
  1.8938353e+003
  1.4906028e+003
  2.3216050e+002
 -5.7951680e+000
  1.0319685e+001
  9.1137434e+002
  7.3702687e+001
  8.4025000e+002
  1.2062973e+003
  1.0083757e+003
  1.0351803e+003
  7.1179517e+002
  1.6683950e+002
 -4.0985284e+002
 -8.1658534e+002
 -8.4066099e+002
 -4.6578909e+002
  5.9554768e+002
  2.9894102e+003
  3.0348801e+003
  2.7062210e+003
  3.3916374e+003
  2.1593930e+003
  1.4667180e+003
  1.1282000e+003
  8.0473905e+002
  6.8086388e+002
  1.1304722e+003
  9.9511673e+002
  1.2873383e+003
  1.1816799e+003
  1.0845377e+003
  7.5556464e+002
  6.9363135e+002
 -2.3617167e+002
 -6.6987346e+002
 -8.1481699e+002
 -3.2158133e+002
  4.5516900e+001
  9.6863762e+002
  1.3632273e+003
  1.4216834e+003
  9.6530177e+002
  5.6721558e+002
 -2.3270966e+002
 -7.3035706e+002
 -8.9558944e+002
 -3.8487014e+002
 -3.0514324e+002
  2.2296997e+002
  7.5309504e+002
  1.0227353e+003
  1.0656223e+003
  7.4139838e+002
  3.6419428e+001
 -5.5847275e+002
 -9.1806972e+002
 -8.8185407e+002
 -5.1146069e+002
  1.5025317e+002
  8.2295089e+002
  9.8503693e+002
  1.0780864e+003
  1.2446851e+003
  8.6278181e+002
 -1.7889630e+002
 -7.4681953e+002
 -8.9807663e+002
 -7.0582775e+002
 -1.3805643e+002
  4.0430643e+002
  8.8257775e+002
  1.0895766e+003
  9.3906953e+002
  5.5814630e+002
 -1.2503181e+002
 -5.9043510e+002
 -6.5958637e+002
 -6.3203693e+002
 -3.5645089e+002
  2.8999683e+002
  6.8871069e+002
  1.1271041e+003
  1.0530697e+003
  6.7847275e+002
  1.1258057e+002
 -4.7264838e+002
 -8.8162229e+002
 -9.6648528e+002
 -6.9109504e+002
 -1.2821997e+002
  5.2289324e+002
  1.0056201e+003
  1.1160894e+003
  1.0391071e+003
  5.2745966e+002
 -1.5671558e+002
 -6.7880177e+002
 -8.9868342e+002
 -7.9697726e+002
 -3.5913762e+002
  2.5423310e+002
  8.0633133e+002
  1.1520670e+003
  1.1528735e+003
  6.4392167e+002
  5.5368648e+001
 -5.5606464e+002
 -9.0978769e+002
 -9.3567991e+002
 -6.2058831e+002
 -7.3366733e+001
  5.1027776e+002
  9.2113612e+002
  1.0220109e+003
  8.3104999e+002
  2.5178197e+002
 -2.8539296e+002
 -6.3538743e+002
 -7.6072104e+002
 -7.1913007e+002
 -3.0066016e+002
  3.0270232e+002
  8.2928909e+002
  1.1121610e+003
  1.0483353e+003
  5.4910284e+002
  1.5716050e+002
 -1.6704517e+002
 -7.5068031e+002
 -5.1112566e+002
 -3.8829731e+002
  3.2150000e+002
  1.1005473e+003
  1.0046257e+003
  1.0319303e+003
  6.8879517e+002
  1.3983950e+002
 -4.4635284e+002
 -8.7008534e+002
 -9.7616099e+002
 -7.0153909e+002
 -2.1570232e+002
  5.8391016e+002
  8.3013007e+002
  1.0132210e+003
  8.4488743e+002
  4.0264296e+002
 -1.9903197e+002
 -7.1529999e+002
 -9.6426095e+002
 -8.6288612e+002
 -4.5302776e+002
  1.3311673e+002
  6.8233831e+002
  9.9642991e+002
  9.7553769e+002
  6.1831464e+002
  5.0881352e+001
 -5.2417167e+002
 -8.9987346e+002
 -9.5506699e+002
 -6.6133133e+002
 -1.2473310e+002
  4.6538762e+002
  8.9872726e+002
  1.0366834e+003
  8.0755177e+002
  3.2121558e+002
 -2.7945966e+002
 -7.4610706e+002
 -8.7708944e+002
 -5.6212014e+002
  9.3356764e+001
  6.7821997e+002
  1.4330950e+003
  1.1242353e+003
  9.6062229e+002
  6.4389838e+002
  4.6016943e+002
 -5.5522275e+002
 -9.2206972e+002
 -9.2035407e+002
 -5.8171069e+002
 -2.7996830e+001
  5.4895089e+002
  9.4428693e+002
  1.0040864e+003
  7.4093510e+002
  2.1653181e+002
 -3.7514630e+002
 -8.2031953e+002
 -9.6182663e+002
 -7.5607775e+002
 -2.7005643e+002
  3.2330643e+002
  8.1157775e+002
  1.0208266e+003
  8.7981953e+002
  4.4089630e+002
 -1.5078181e+002
 -6.7843510e+002
 -9.5833637e+002
 -8.9153693e+002
 -5.0320089e+002
  6.9996830e+001
  6.2346069e+002
  9.6710407e+002
  9.7556972e+002
  6.4347275e+002
  9.1830572e+001
 -4.8739838e+002
 -8.9012229e+002
 -9.7123528e+002
 -7.0984504e+002
 -1.8521997e+002
  4.0539324e+002
  8.6012014e+002
  1.0140894e+003
  8.1760706e+002
  3.3445966e+002
 -2.5721558e+002
 -7.5580177e+002
 -9.8143342e+002
 -8.5397726e+002
 -4.2138762e+002
  1.6573310e+002
  6.9933133e+002
  9.9356699e+002
  9.3962346e+002
  5.6017167e+002
 -1.0381352e+001
 -5.7256464e+002
 -9.2778769e+002
 -9.4992991e+002
 -6.2958831e+002
 -8.0616733e+001
  5.0802776e+002
  9.6963612e+002
  1.0820109e+003
  7.6929999e+002
  2.5553197e+002
 -1.6739296e+002
 -7.9238743e+002
 -9.6722104e+002
 -6.1863007e+002
 -2.4691016e+002
  2.7120232e+002
  7.8053909e+002
  1.0226610e+003
  9.0533534e+002
  4.8185284e+002
 -1.0858950e+002
 -6.4554517e+002
 -9.4218031e+002
 -9.0712566e+002
 -5.3854731e+002
  4.1750000e+001
  6.3654731e+002
  1.1061257e+003
  2.3459303e+003
  9.0829517e+002
  1.1480895e+003
 -4.6102840e+001
 -7.3533534e+002
 -9.2791099e+002
  2.5246091e+002
  9.7404768e+002
  1.3751602e+003
  1.3686301e+003
  1.8364710e+003
  2.0806374e+003
  1.1183930e+003
  3.1796803e+002
 -2.1554999e+002
 -9.0751095e+002
 -4.8613612e+002
 -1.7777618e+000
  2.7586673e+002
  8.4108831e+002
  1.1334299e+003
  1.1542877e+003
  7.6731464e+002
  1.3913135e+002
 -2.8567167e+002
 -5.7462346e+002
 -8.9681699e+002
 -6.2283133e+002
 -1.0298310e+002
  7.3438762e+002
  9.2322726e+002
  1.0469334e+003
  8.1980177e+002
  3.2296558e+002
 -2.6020966e+002
 -6.2910706e+002
 -9.3633944e+002
 -8.1712014e+002
 -3.6614324e+002
  2.3021997e+002
  7.5684504e+002
  1.0237353e+003
  9.3812229e+002
  5.3414838e+002
 -4.7330572e+001
 -5.9947275e+002
 -9.1631972e+002
 -9.0085407e+002
 -5.6571069e+002
  7.4753170e+001
  6.4020089e+002
  1.3145369e+003
  1.4128364e+003
  1.0176851e+003
  6.2328181e+002
  4.3785370e+002
 -2.7331953e+002
  4.3642337e+002
 -1.7307775e+002
  1.0686936e+003
  7.0330643e+002
  1.0608277e+003
  1.6905766e+003
  9.5081953e+002
  4.9764630e+002
  8.4796819e+002
  4.7281490e+002
 -2.9033637e+002
 -3.9828693e+002
 -1.1770089e+002
  4.0649683e+002
  7.9321069e+002
  1.7193541e+003
  1.2293197e+003
  1.0492227e+003
  3.6083057e+002
 -3.7889838e+002
 -8.2662229e+002
 -5.2048528e+002
 -3.5284504e+002
 -1.4469966e+001
  4.9414324e+002
  9.6712014e+002
  1.2630894e+003
  1.4041071e+003
  8.1320966e+002
  1.6603442e+002
 -4.2830177e+002
 -2.4993342e+002
  2.1677274e+002
  6.5161238e+002
  1.1589831e+003
  1.2205813e+003
  1.5243170e+003
  1.6223735e+003
  8.7342167e+002
  5.7211865e+002
 -2.9331464e+002
 -8.2403769e+002
 -8.0967991e+002
 -4.9233831e+002
  5.0663327e+002
  1.5702778e+003
  1.0733861e+003
  1.4977609e+003
  9.1954999e+002
  2.7878197e+002
 -3.3114296e+002
 -7.9963743e+002
 -9.6847104e+002
 -7.8163007e+002
 -3.1491016e+002
  2.7520232e+002
  7.7828909e+002
  1.0179110e+003
  9.1333534e+002
  4.9835284e+002
 -9.7839500e+001
 -6.3004517e+002
 -9.1193031e+002
 -8.6412566e+002
 -4.7554731e+002
  2.0700000e+002
  7.3904731e+002
  9.7262566e+002
  1.0104303e+003
  6.9554517e+002
  1.5258950e+002
 -4.3785284e+002
 -8.6283534e+002
 -9.6966099e+002
 -7.2503909e+002
 -2.2020232e+002
  4.0816016e+002
  1.1028801e+003
  1.1042210e+003
  9.1738743e+002
  4.0214296e+002
 -1.9878197e+002
 -7.1254999e+002
 -9.4876095e+002
 -8.4513612e+002
 -4.3802776e+002
  1.4686673e+002
  7.2908831e+002
  1.1814299e+003
  9.7453769e+002
  6.1556464e+002
  5.9631352e+001
 -5.1067167e+002
 -8.9737346e+002
 -9.5006699e+002
 -6.4633133e+002
 -1.1298310e+002
  4.6538762e+002
  8.8947726e+002
  1.0146834e+003
  7.8680177e+002
  2.8921558e+002
 -3.0545966e+002
 -7.8610706e+002
 -9.8333944e+002
 -8.2887014e+002
 -3.7639324e+002
  2.1221997e+002
  7.3259504e+002
  1.0004853e+003
  9.1837229e+002
  5.1689838e+002
 -6.3080572e+001
 -6.1372275e+002
 -9.4781972e+002
 -9.3985407e+002
 -5.9896069e+002
 -4.1996830e+001
  5.3695089e+002
  9.2503693e+002
  9.9558637e+002
  7.1393510e+002
  1.8453181e+002
 -4.0314630e+002
 -8.4856953e+002
 -9.8732663e+002
 -7.7532775e+002
 -2.8605643e+002
  3.0955643e+002
  7.9857775e+002
  1.0078266e+003
  8.6831953e+002
  4.2939630e+002
 -1.6378181e+002
 -6.9218510e+002
 -9.6933637e+002
 -8.9003693e+002
 -4.9695089e+002
  7.3246830e+001
  6.3371069e+002
  1.0223541e+003
  1.3050697e+003
  6.6322275e+002
  9.6330572e+001
 -4.8539838e+002
 -8.8437229e+002
 -9.7348528e+002
 -7.0659504e+002
 -1.8846997e+002
  4.5864324e+002
  1.1366201e+003
  1.0613394e+003
  9.9685706e+002
  4.5620966e+002
 -2.0471558e+002
 -6.8655177e+002
  2.6938166e+003
  7.0552274e+002
 -2.0488762e+002
  2.1048310e+002
  7.4533133e+002
  1.0170670e+003
  9.5287346e+002
  5.6942167e+002
 -1.0631352e+001
 -5.7631464e+002
 -9.3053769e+002
 -9.4842991e+002
 -6.2833831e+002
 -7.8866733e+001
  5.3177776e+002
  9.7863612e+002
  1.0575109e+003
  8.4429999e+002
  1.3932820e+003
  5.7935704e+002
 -6.2488743e+002
 -8.8672104e+002
 -3.4630068e+001
 -3.0991016e+002
  2.9645232e+002
  7.9553909e+002
  1.0411610e+003
  9.3433534e+002
  5.4535284e+002
 -3.8839500e+001
 -5.7804517e+002
 -8.1118031e+002
 -3.6587566e+002
 -2.8804731e+002
  1.7775000e+002
  8.8779731e+002
  1.1531257e+003
  1.2731803e+003
  9.8779517e+002
  2.7908950e+002
 -4.2660284e+002
 -8.5083534e+002
 -9.6091099e+002
 -7.2178909e+002
 -2.2145232e+002
  3.7641016e+002
  8.3813007e+002
  1.0284710e+003
  8.5938743e+002
  3.9389296e+002
 -1.8253197e+002
 -6.6979999e+002
 -9.1651095e+002
 -8.4788612e+002
 -4.4977776e+002
  1.3111673e+002
  6.6983831e+002
  9.7917991e+002
  9.5628769e+002
  6.0231464e+002
  3.8631352e+001
 -5.3192167e+002
 -9.0862346e+002
 -9.5556699e+002
 -6.6708133e+002
 -1.3648310e+002
  4.4913762e+002
  8.8247726e+002
  1.0089334e+003
  7.8380177e+002
  2.9021558e+002
 -3.0770966e+002
 -7.9185706e+002
 -9.8783944e+002
 -8.3387014e+002
 -3.7839324e+002
  2.1046997e+002
  7.3059504e+002
  9.9498528e+002
  9.1462229e+002
  5.1689838e+002
 -6.0830572e+001
 -6.1122275e+002
 -9.4956972e+002
 -9.4160407e+002
 -5.9696069e+002
 -3.5246830e+001
  5.3620089e+002
  9.2353693e+002
  9.9233637e+002
  7.1318510e+002
  1.8403181e+002
 -4.0514630e+002
 -8.4806953e+002
 -9.8732663e+002
 -7.7807775e+002
 -2.8705643e+002
  3.0980643e+002
  8.0332775e+002
  1.0248266e+003
  9.2356953e+002
  4.8639630e+002
  1.5946819e+002
 -6.7868510e+002
 -9.5933637e+002
 -9.0328693e+002
 -5.0270089e+002
  2.4324683e+002
  7.8146069e+002
  9.9085407e+002
  9.7206972e+002
  6.3647275e+002
  8.5080572e+001
 -4.9114838e+002
 -8.6412229e+002
 -9.2748528e+002
 -7.0934504e+002
 -1.8946997e+002
  4.0514324e+002
  8.6212014e+002
  1.0158394e+003
  8.1235706e+002
  3.3495966e+002
 -2.6346558e+002
 -7.6280177e+002
 -9.8718342e+002
 -8.5822726e+002
 -4.2713762e+002
  1.5848310e+002
  6.9258133e+002
  9.8531699e+002
  9.3362346e+002
  5.5517167e+002
 -1.5131352e+001
 -5.7806464e+002
 -9.3428769e+002
 -9.5667991e+002
 -6.3708831e+002
 -9.2116733e+001
  4.9052776e+002
  9.0288612e+002
  9.9876095e+002
  7.4829999e+002
  2.3328197e+002
 -3.5839296e+002
 -8.1463743e+002
 -9.7997104e+002
 -7.9088007e+002
 -3.2416016e+002
  2.7145232e+002
  7.9728909e+002
  1.0301610e+003
  9.0333534e+002
  4.7760284e+002
 -1.1158950e+002
 -6.5379517e+002
 -9.6093031e+002
 -9.2112566e+002
 -5.5129731e+002
  3.5500000e+001
  5.9579731e+002
  9.7587566e+002
  1.1234303e+003
  7.2754517e+002
  2.2083950e+002
  2.8439716e+002
 -6.7608534e+002
 -9.6491099e+002
 -7.2378909e+002
 -2.2745232e+002
  3.6691016e+002
  8.3938007e+002
  1.1142210e+003
  8.5938743e+002
  4.8539296e+002
  1.2097180e+003
 -4.9754999e+002
 -9.1376095e+002
 -7.3688612e+002
 -3.2577776e+002
  2.8811673e+002
  9.2558831e+002
  1.1979299e+003
  1.1092877e+003
  1.0995646e+003
  1.4163135e+002
 -4.9817167e+002
 -8.9362346e+002
 -9.4981699e+002
 -6.6583133e+002
 -1.3523310e+002
  4.5288762e+002
  8.9272726e+002
  1.0259334e+003
  8.0105177e+002
  6.9221558e+002
 -1.8295966e+002
 -7.0635706e+002
 -9.5183944e+002
 -6.1287014e+002
 -3.5214324e+002
  2.2571997e+002
  7.4834504e+002
  1.0214853e+003
  9.3937229e+002
  5.2564838e+002
 -5.7830572e+001
 -6.1072275e+002
 -9.4256972e+002
 -9.3335407e+002
 -5.6921069e+002
 -1.8996830e+001
  5.7095089e+002
  9.8803693e+002
  1.1250864e+003
  9.6168510e+002
  6.1203181e+002
  9.3537002e+000
 -4.8231953e+002
 -8.6657663e+002
  2.2167225e+002
  1.0204436e+003
  5.7330643e+002
  1.6925777e+003
  1.4405766e+003
  9.2581953e+002
  4.4389630e+002
 -1.4853181e+002
 -6.6918510e+002
 -9.5533637e+002
 -8.8928693e+002
 -5.0195089e+002
  7.7996830e+001
  6.4621069e+002
  1.0006041e+003
  1.0173197e+003
  6.9947275e+002
  1.3058057e+002
 -4.6239838e+002
 -8.7612229e+002
 -9.5323528e+002
 -6.9234504e+002
 -1.7171997e+002
  4.2039324e+002
  9.5112014e+002
  1.3565894e+003
  1.0071071e+003
  5.5145966e+002
  2.6353442e+002
  2.4369823e+002
 -5.3493342e+002
 -4.8097726e+002
 -3.8638762e+002
  1.9323310e+002
  7.1233133e+002
  1.0013170e+003
  9.4712346e+002
  5.6442167e+002
 -5.3813519e+000
 -5.6356464e+002
 -9.1978769e+002
 -9.4367991e+002
 -6.2508831e+002
 -7.1366733e+001
  5.1227776e+002
  9.1738612e+002
  1.0080109e+003
  7.6304999e+002
  2.6278197e+002
 -3.3639296e+002
 -8.0513743e+002
 -9.7497104e+002
 -7.8613007e+002
 -3.0841016e+002
  2.8970232e+002
  7.9253909e+002
  1.1031610e+003
  9.3283534e+002
  5.0210284e+002
 -8.0089500e+001
 -6.2429517e+002
 -9.3243031e+002
 -8.5462566e+002
 -5.1354731e+002
  6.1675000e+002
  6.7979731e+002
  1.3461257e+003
  1.6669303e+003
  1.3190452e+003
  1.3375895e+003
 -8.1028396e+000
 -4.3883534e+002
 -8.6116099e+002
 -6.5803909e+002
 -9.6452322e+001
  9.3641016e+002
  1.4633801e+003
  1.4739710e+003
  1.1181374e+003
  4.9089296e+002
  6.6096803e+002
  1.8545001e+002
 -3.2609488e+000
 -6.7888612e+002
 -4.5877776e+002
  1.1661673e+002
  6.6158831e+002
  9.7792991e+002
  9.5528769e+002
  6.0056464e+002
  3.7131352e+001
 -5.3442167e+002
 -9.1362346e+002
 -9.6406699e+002
 -6.7108133e+002
 -1.3898310e+002
  4.4988762e+002
  8.8372726e+002
  1.0076834e+003
  7.8055177e+002
  2.8346558e+002
 -3.0945966e+002
 -7.8560706e+002
 -9.6058944e+002
 -8.2937014e+002
 -3.7289324e+002
  2.1421997e+002
  7.3359504e+002
  9.9923528e+002
  9.1637229e+002
  5.5064838e+002
 -2.6580572e+001
 -5.7497275e+002
 -9.4056972e+002
 -9.3935407e+002
 -5.9621069e+002
 -3.9496830e+001
  5.3745089e+002
  9.2828693e+002
  9.9658637e+002
  7.1518510e+002
  1.8803181e+002
 -4.0064630e+002
 -8.4456953e+002
 -9.8507663e+002
 -7.7332775e+002
 -2.8080643e+002
  3.1130643e+002
  8.0157775e+002
  1.0130766e+003
  8.7581953e+002
  4.2939630e+002
 -1.5953181e+002
 -6.8868510e+002
 -9.6758637e+002
 -8.9953693e+002
 -5.1095089e+002
  6.3996830e+001
  6.2196069e+002
  9.6210407e+002
  9.7256972e+002
  6.4222275e+002
  9.0330572e+001
 -4.9039838e+002
 -8.9137229e+002
 -9.7248528e+002
 -7.0659504e+002
 -1.8446997e+002
  4.0539324e+002
  8.6387014e+002
  1.0158394e+003
  8.1910706e+002
  3.4020966e+002
 -2.5421558e+002
 -7.5030177e+002
 -9.7568342e+002
 -8.5272726e+002
 -4.2163762e+002
  1.6973310e+002
  7.0083133e+002
  9.9256699e+002
  9.3787346e+002
  5.6117167e+002
 -1.2381352e+001
 -5.7456464e+002
 -9.2053769e+002
 -9.3892991e+002
 -6.3408831e+002
 -7.3616733e+001
  4.9677776e+002
  9.1863612e+002
  1.0085109e+003
  7.6179999e+002
  2.4978197e+002
 -3.2039296e+002
 -7.0738743e+002
 -8.0447104e+002
 -6.1463007e+002
 -2.3741016e+002
  3.2570232e+002
  7.8803909e+002
  1.0591610e+003
  9.2358534e+002
  5.1760284e+002
  2.6516050e+002
 -5.7879517e+002
 -8.7843031e+002
 -8.1012566e+002
 -1.9454731e+002
  1.2310000e+003
  7.5479731e+002
  1.7358757e+003
  1.3319303e+003
  1.6570452e+003
  1.6443395e+003
  3.0489716e+002
 -8.1358534e+002
 -9.3816099e+002
 -7.0803909e+002
  8.0579768e+002
  1.5541602e+003
  1.3368801e+003
  1.2997210e+003
  1.8031374e+003
  7.7164296e+002
  3.7968026e+001
 -1.7049993e+001
 -1.1001095e+002
 -1.9886116e+001
  5.1222238e+001
  5.2486673e+002
  9.4208831e+002
  1.7481799e+003
  1.3535377e+003
  6.4431464e+002
  8.0381352e+001
 -4.9092167e+002
 -8.7637346e+002
 -9.4956699e+002
 -6.6383133e+002
 -1.3423310e+002
  4.7138762e+002
  9.0722726e+002
  1.0504334e+003
  8.0205177e+002
  3.0021558e+002
 -2.9620966e+002
 -7.8010706e+002
 -9.8533944e+002
 -8.3262014e+002
 -3.8089324e+002
  2.1271997e+002
  7.3234504e+002
  9.9823528e+002
  9.1437229e+002
  5.1464838e+002
 -6.6080572e+001
 -6.1772275e+002
 -9.4881972e+002
 -9.3760407e+002
 -5.9046069e+002
 -2.4246830e+001
  5.4120089e+002
  9.2578693e+002
  9.9383637e+002
  7.2418510e+002
  2.0453181e+002
 -2.7489630e+002
 -5.4281953e+002
 -8.4607663e+002
 -4.1607775e+002
 -2.7630643e+002
  3.1405643e+002
  8.0932775e+002
  1.0255766e+003
  8.8306953e+002
  4.4864630e+002
 -1.3028181e+002
 -6.7493510e+002
 -9.4908637e+002
 -8.8028693e+002
 -4.8545089e+002
  7.9996830e+001
  6.2846069e+002
  9.6910407e+002
  9.7881972e+002
  6.4272275e+002
  9.5580572e+001
 -4.9139838e+002
 -8.9412229e+002
 -9.7523528e+002
 -7.0334504e+002
  2.5428003e+002
  1.2856432e+003
  8.8262014e+002
  1.0245894e+003
  1.1518571e+003
  1.6799597e+003
  7.9428442e+002
 -3.3505177e+002
 -8.2193342e+002
 -8.4897726e+002
 -4.2138762e+002
  1.6348310e+002
  6.9833133e+002
  9.9331699e+002
  9.4062346e+002
  5.6617167e+002
 -6.6313519e+000
 -5.7281464e+002
 -9.2853769e+002
 -9.5267991e+002
 -6.3358831e+002
 -8.8366733e+001
  4.9752776e+002
  9.1013612e+002
  1.0057609e+003
  7.5629999e+002
  2.4128197e+002
 -3.4264296e+002
 -8.0913743e+002
 -9.8247104e+002
 -7.9038007e+002
 -3.1091016e+002
  3.2820232e+002
  8.2453909e+002
  1.0814110e+003
  9.6433534e+002
  5.2835284e+002
 -4.9339500e+001
 -5.3004517e+002
  1.6106969e+002
 -1.2287566e+002
  4.4395269e+002
  9.9550000e+002
  9.6129731e+002
  1.4671257e+003
  1.0089303e+003
  6.9454517e+002
  1.7908950e+002
 -4.0635284e+002
 -8.2958534e+002
 -9.6341099e+002
 -7.3178909e+002
 -2.3595232e+002
  3.5866016e+002
  8.2938007e+002
  1.0137210e+003
  8.4363743e+002
  5.2889296e+002
 -1.1503197e+002
 -7.2279999e+002
 -9.6426095e+002
 -8.5113612e+002
 -4.1452776e+002
  1.2711673e+002
  6.6508831e+002
  9.8192991e+002
  9.6403769e+002
  6.1256464e+002
  4.4131352e+001
 -5.2567167e+002
 -8.8762346e+002
 -9.1831699e+002
 -6.0358133e+002
  2.7501690e+002
  7.8513762e+002
  9.4822726e+002
  1.0506834e+003
  8.4855177e+002
  7.2821558e+002
  1.2004034e+002
 -5.3460706e+002
 -7.9533944e+002
 -5.5587014e+002
 -2.3839324e+002
  4.7446997e+002
  1.2958450e+003
  1.1397353e+003
  1.1118723e+003
  7.5564838e+002
  5.7941943e+002
  1.2317773e+003
  4.0143028e+002
 -5.1860407e+002
 -5.5021069e+002
 -9.9968304e+000
  5.5545089e+002
  9.3978693e+002
  1.0043364e+003
  7.1718510e+002
  2.5103181e+002
 -3.0414630e+002
 -7.5556953e+002
 -9.1457663e+002
 -7.6182775e+002
 -1.7955643e+002
  3.7905643e+002
  8.6682775e+002
  1.1070766e+003
  9.3731953e+002
  5.0114630e+002
 -1.1278181e+002
 -6.3543510e+002
 -9.3283637e+002
 -8.3828693e+002
 -4.5095089e+002
  1.5799683e+002
  7.2971069e+002
  1.0346041e+003
  1.0790697e+003
  8.8247275e+002
  4.4283057e+002
  1.1960162e+002
  1.3118777e+003
  1.7252647e+003
  1.2259050e+003
  4.1103003e+002
  5.5689324e+002
  9.9337014e+002
  1.2600894e+003
  1.0838571e+003
  5.5295966e+002
 -1.5146558e+002
 -6.8805177e+002
 -9.1118342e+002
 -7.1472726e+002
 -1.6388762e+002
  2.6448310e+002
  7.5983133e+002
  1.0363170e+003
  1.1156235e+003
  6.0542167e+002
  9.8686481e+000
 -5.2531464e+002
 -8.2778769e+002
 -6.6067991e+002
 -5.4183831e+002
  1.3263327e+002
  8.2977776e+002
  9.9013612e+002
  1.0932609e+003
  9.8729999e+002
  2.5253197e+002
 -3.3764296e+002
 -8.0363743e+002
 -9.6472104e+002
 -7.8638007e+002
 -3.0491016e+002
  3.4170232e+002
  8.2278909e+002
  1.0634110e+003
  1.1075853e+003
  7.3860284e+002
  8.7160500e+001
 -2.9379517e+002
 -7.0318031e+002
 -7.8312566e+002
 -4.7354731e+002
  3.7600000e+002
  6.7804731e+002
  1.1003757e+003
  1.3504303e+003
  9.4954517e+002
  9.4558950e+002
 -2.9260284e+002
 -7.8333534e+002
 -9.1891099e+002
 -7.0928909e+002
 -2.0495232e+002
  3.8716016e+002
  8.6413007e+002
  1.0587210e+003
  9.1488743e+002
  5.1914296e+002
 -1.2228197e+002
  1.3270001e+002
 -8.7051095e+002
 -8.6638612e+002
 -4.5577776e+002
  1.2486673e+002
  8.3258831e+002
  1.4856799e+003
  2.2445377e+003
  6.3706464e+002
  5.8131352e+001
 -4.9217167e+002
 -8.8262346e+002
 -9.4506699e+002
 -6.5333133e+002
 -1.1848310e+002
  4.6188762e+002
  8.8897726e+002
  1.0224334e+003
  7.9105177e+002
  2.9171558e+002
 -3.0370966e+002
 -7.8735706e+002
 -9.8058944e+002
 -8.2662014e+002
 -3.7039324e+002
  2.2246997e+002
  7.4909504e+002
  1.0097353e+003
  9.2937229e+002
  5.2839838e+002
 -4.9580572e+001
 -6.0022275e+002
 -8.6156972e+002
 -4.4435407e+002
 -2.5396069e+002
  5.7600317e+002
  6.0520089e+002
  9.5928693e+002
  1.0198364e+003
  7.3618510e+002
  2.0528181e+002
 -3.8839630e+002
 -8.3181953e+002
 -9.7282663e+002
 -7.5982775e+002
 -1.5380643e+002
  4.2755643e+002
  8.7207775e+002
  1.0458266e+003
  1.2723195e+003
  5.1664630e+002
  3.3546819e+002
 -3.7643510e+002
 -9.3583637e+002
 -8.7453693e+002
 -4.7470089e+002
  1.1424683e+002
  6.5946069e+002
  1.0543541e+003
  1.1793197e+003
  8.7472275e+002
  3.1058057e+002
  1.9610162e+002
 -7.1287229e+002
 -9.0723528e+002
 -6.3984504e+002
 -1.2396997e+002
  5.2264324e+002
  9.9662014e+002
  1.2490894e+003
  1.1856071e+003
  4.4320966e+002
 -2.1821558e+002
 -7.2130177e+002
 -9.6843342e+002
 -8.3197726e+002
  2.1686238e+002
  9.7323310e+002
  9.0733133e+002
  1.1710670e+003
  1.1651235e+003
  7.6192167e+002
  1.6086865e+002
 -2.0731464e+002
 -6.0278769e+002
 -6.0967991e+002
 -2.9933831e+002
  1.2738327e+002
  5.2577776e+002
  9.9388612e+002
  1.3550109e+003
  7.9379999e+002
  2.4378197e+002
 -3.4739296e+002
 -8.1538743e+002
 -9.8772104e+002
 -8.0538007e+002
 -3.3491016e+002
  2.5770232e+002
  7.6478909e+002
  1.0036610e+003
  8.9483534e+002
  4.6960284e+002
 -1.1358950e+002
 -6.5604517e+002
 -9.6343031e+002
 -9.2487566e+002
 -5.5679731e+002
  8.0000000e+000
  5.7554731e+002
  9.4237566e+002
  9.7993031e+002
  6.7404517e+002
  1.3233950e+002
 -4.5260284e+002
 -8.7558534e+002
 -9.8616099e+002
 -7.4503909e+002
 -2.4195232e+002
  3.5116016e+002
  8.2488007e+002
  1.0074710e+003
  8.3688743e+002
  3.7739296e+002
 -2.1703197e+002
 -7.2979999e+002
 -9.8151095e+002
 -8.8763612e+002
 -4.7577776e+002
  1.0761673e+002
  6.5408831e+002
  9.7167991e+002
  9.5053769e+002
  5.9581464e+002
  3.1881352e+001
 -5.4042167e+002
 -9.1837346e+002
 -9.7056699e+002
 -6.7708133e+002
 -1.4373310e+002
  4.4538762e+002
  8.7747726e+002
  1.0061834e+003
  7.7855177e+002
  2.8046558e+002
 -3.1195966e+002
 -7.9460706e+002
 -9.9008944e+002
 -8.3562014e+002
 -3.8364324e+002
  2.0771997e+002
  7.2884504e+002
  9.9598528e+002
  9.1312229e+002
  5.1214838e+002
 -6.6580572e+001
 -6.1872275e+002
 -9.4931972e+002
 -9.4285407e+002
 -5.9896069e+002
 -4.1996830e+001
  5.3220089e+002
  9.2378693e+002
  9.8983637e+002
  7.1143510e+002
  1.8328181e+002
 -4.0589630e+002
 -8.5031953e+002
 -9.8882663e+002
 -7.7682775e+002
 -2.8855643e+002
  3.0630643e+002
  7.9657775e+002
  1.0070766e+003
  8.6531953e+002
  4.2139630e+002
 -1.6728181e+002
 -6.9668510e+002
 -9.7558637e+002
 -9.0803693e+002
 -5.1945089e+002
  5.4496830e+001
  6.1921069e+002
  9.6310407e+002
  9.6506972e+002
  6.3447275e+002
  8.4580572e+001
 -4.9114838e+002
 -8.8362229e+002
 -9.7198528e+002
 -6.9209504e+002
 -1.8021997e+002
  4.0664324e+002
  8.5662014e+002
  1.0093394e+003
  8.0885706e+002
  3.3020966e+002
 -2.5846558e+002
 -7.5805177e+002
 -9.7743342e+002
 -8.4647726e+002
 -4.0588762e+002
  4.3523310e+002
  7.7433133e+002
  1.1445670e+003
  9.4112346e+002
  5.8067167e+002
  6.6868648e+001
 -5.6956464e+002
 -8.0928769e+002
 -8.0492991e+002
 -5.4783831e+002
 -6.0866733e+001
  5.1177776e+002
  9.2488612e+002
  1.0130109e+003
  7.6079999e+002
  2.6253197e+002
 -3.4114296e+002
 -8.0538743e+002
 -9.7947104e+002
 -8.0238007e+002
 -3.3116016e+002
  2.6295232e+002
  7.6678909e+002
  1.0061610e+003
  8.9458534e+002
  4.6985284e+002
 -1.1483950e+002
 -6.5529517e+002
 -9.6143031e+002
 -9.2362566e+002
 -5.5829731e+002
  1.1750000e+001
  5.7779731e+002
  9.4487566e+002
  9.8243031e+002
  6.7654517e+002
  1.3533950e+002
 -4.4935284e+002
 -8.7008534e+002
 -9.8291099e+002
 -7.4253909e+002
 -2.3720232e+002
  3.6066016e+002
  8.2713007e+002
  1.0119710e+003
  8.4188743e+002
  4.1314296e+002
 -2.0428197e+002
 -7.2179999e+002
 -9.7501095e+002
 -8.8388612e+002
 -4.7152776e+002
  1.1161673e+002
  6.7083831e+002
  9.9067991e+002
  9.6278769e+002
  6.1231464e+002
  4.8131352e+001
 -5.0792167e+002
 -8.9462346e+002
 -9.4381699e+002
 -6.5433133e+002
 -1.2948310e+002
  4.5088762e+002
  8.8497726e+002
  1.0171834e+003
  7.9280177e+002
  2.8571558e+002
 -3.0295966e+002
 -7.6610706e+002
 -9.6008944e+002
 -8.2537014e+002
 -3.2564324e+002
  2.7121997e+002
  8.0459504e+002
  1.1127353e+003
  9.3087229e+002
  5.3014838e+002
 -4.5830572e+001
 -5.8672275e+002
 -9.1831972e+002
 -9.0360407e+002
 -5.5046069e+002
 -1.8496830e+001
  5.4670089e+002
  9.3203693e+002
  9.9708637e+002
  7.1518510e+002
  1.8753181e+002
 -3.9889630e+002
 -8.4456953e+002
 -9.8432663e+002
 -7.5407775e+002
 -2.2905643e+002
  3.2355643e+002
  8.3282775e+002
  1.0540766e+003
  8.9306953e+002
  4.3989630e+002
 -1.6003181e+002
 -6.7968510e+002
 -9.6983637e+002
 -9.0303693e+002
 -5.1070089e+002
  6.1746830e+001
  6.1996069e+002
  9.6335407e+002
  9.7131972e+002
  6.3972275e+002
  8.8580572e+001
 -4.9189838e+002
 -8.9287229e+002
 -9.7473528e+002
 -7.1159504e+002
 -1.9146997e+002
  3.9839324e+002
  8.5212014e+002
  1.0085894e+003
  8.1010706e+002
  3.3020966e+002
 -2.6296558e+002
 -7.6305177e+002
 -9.8668342e+002
 -8.6372726e+002
 -4.2838762e+002
  1.5773310e+002
  6.9433133e+002
  9.8581699e+002
  9.3687346e+002
  5.5667167e+002
 -1.5881352e+001
 -5.7756464e+002
 -9.3128769e+002
 -9.5717991e+002
 -6.3508831e+002
 -8.9116733e+001
  4.9502776e+002
  9.0413612e+002
  1.0012609e+003
  7.4579999e+002
  2.3553197e+002
 -3.4139296e+002
 -8.0913743e+002
 -9.9022104e+002
 -8.0688007e+002
 -3.3491016e+002
  2.5695232e+002
  7.6403909e+002
  1.0046610e+003
  8.9008534e+002
  4.7110284e+002
 -1.1583950e+002
 -6.5429517e+002
 -9.5143031e+002
 -9.1987566e+002
 -5.5404731e+002
  1.9500000e+001
  5.7579731e+002
  9.4087566e+002
  9.7843031e+002
  6.8029517e+002
  1.3483950e+002
 -4.4335284e+002
 -8.1858534e+002
 -8.9741099e+002
 -6.6178909e+002
 -2.3845232e+002
  3.5316016e+002
  8.2513007e+002
  1.0217210e+003
  8.3938743e+002
  3.7689296e+002
 -2.1428197e+002
 -7.2579999e+002
 -9.8101095e+002
 -8.8288612e+002
 -4.7202776e+002
  1.1111673e+002
  6.5858831e+002
  9.7492991e+002
  9.5353769e+002
  5.9781464e+002
  3.5381352e+001
 -5.3567167e+002
 -9.1687346e+002
 -9.6731699e+002
 -6.7358133e+002
 -1.3998310e+002
  4.4563762e+002
  8.7922726e+002
  1.0071834e+003
  7.8055177e+002
  2.8371558e+002
 -3.1270966e+002
 -7.9235706e+002
 -9.8858944e+002
 -8.3462014e+002
 -3.8239324e+002
  2.0996997e+002
  7.2984504e+002
  9.9473528e+002
  9.1412229e+002
  5.1489838e+002
 -6.6830572e+001
 -6.2022275e+002
 -9.5156972e+002
 -9.4160407e+002
 -5.9921069e+002
 -4.1496830e+001
  5.3270089e+002
  9.2528693e+002
  9.8883637e+002
  7.0893510e+002
  1.8253181e+002
 -4.0639630e+002
 -8.4781953e+002
 -9.9007663e+002
 -7.7957775e+002
 -2.9030643e+002
  3.0630643e+002
  7.9582775e+002
  1.0030766e+003
  8.6556953e+002
  4.2214630e+002
 -1.6703181e+002
 -6.9118510e+002
 -9.6658637e+002
 -9.0828693e+002
 -5.1695089e+002
  5.7996830e+001
  6.1546069e+002
  9.5960407e+002
  9.7031972e+002
  6.3547275e+002
  8.2830572e+001
 -4.9389838e+002
 -8.9587229e+002
 -9.7323528e+002
 -5.2959504e+002
  5.0228003e+002
  4.7464324e+002
  1.1811201e+003
  1.4545894e+003
  1.6736071e+003
  3.6395966e+002
 -2.5546558e+002
 -7.5780177e+002
 -9.7843342e+002
 -8.3497726e+002
 -4.0738762e+002
  1.7023310e+002
  7.9658133e+002
  1.0880670e+003
  1.0178735e+003
  6.1367167e+002
  1.2618648e+001
 -5.4456464e+002
 -8.8203769e+002
 -9.0892991e+002
 -6.2033831e+002
 -7.6866733e+001
  4.9852776e+002
  9.0888612e+002
  1.0077609e+003
  7.4854999e+002
  2.3603197e+002
 -3.5714296e+002
 -8.1938743e+002
 -9.8647104e+002
 -8.0713007e+002
 -3.3366016e+002
  2.5895232e+002
  7.6128909e+002
  1.0049110e+003
  8.9183534e+002
  4.6585284e+002
 -1.1258950e+002
 -6.5529517e+002
 -9.6293031e+002
 -9.2512566e+002
 -5.5429731e+002
  1.4750000e+001
  5.7779731e+002
  9.4887566e+002
  9.8418031e+002
  6.7854517e+002
  1.6158950e+002
 -3.8310284e+002
 -8.3533534e+002
 -9.5491099e+002
 -7.1653909e+002
 -2.1095232e+002
  4.0141016e+002
  8.6063007e+002
  1.0422210e+003
  8.7238743e+002
  4.2439296e+002
 -1.9678197e+002
 -7.0379999e+002
 -9.5051095e+002
 -8.5338612e+002
 -4.4252776e+002
  1.6061673e+002
  7.0383831e+002
  1.0196799e+003
  1.0497877e+003
  8.2156464e+002
  8.9088135e+002
  9.9578334e+001
 -2.4462346e+002
 -8.7556699e+002
 -2.9833133e+002
  5.7701690e+002
  1.3421376e+003
  1.9664773e+003
  3.0811834e+003
  1.0230518e+003
  3.2721558e+002
  3.0403430e+000
 -7.3035706e+002
  5.6910563e+001
  1.5171299e+003
  7.5235676e+002
  7.0221997e+002
  8.5834504e+002
  1.3544853e+003
  1.6321223e+003
  6.2889838e+002
  5.9169428e+001
 -3.6597275e+002
 -9.2081972e+002
 -9.2110407e+002
 -5.8546069e+002
 -3.0746830e+001
  5.4220089e+002
  9.3353693e+002
  9.9783637e+002
  7.1918510e+002
  1.9053181e+002
 -3.9489630e+002
 -8.4081953e+002
 -9.7782663e+002
 -7.6507775e+002
 -2.8280643e+002
  3.1530643e+002
  8.0107775e+002
  1.0098266e+003
  8.7031953e+002
  4.2739630e+002
 -1.6078181e+002
 -6.8493510e+002
 -9.6608637e+002
 -9.0028693e+002
 -5.1120089e+002
  6.4996830e+001
  6.2196069e+002
  9.6335407e+002
  9.7506972e+002
  6.4597275e+002
  9.7080572e+001
 -4.8189838e+002
 -8.7912229e+002
 -9.3348528e+002
 -6.9634504e+002
 -1.7621997e+002
  4.1439324e+002
  8.6937014e+002
  1.0273394e+003
  8.2885706e+002
  3.4845966e+002
 -2.4371558e+002
 -7.3830177e+002
 -9.6143342e+002
 -8.3572726e+002
 -3.8913762e+002
  2.1948310e+002
  7.2708133e+002
  1.0170670e+003
  9.5312346e+002
  5.7117167e+002
 -1.6313519e+000
 -5.6731464e+002
 -9.2103769e+002
 -9.2767991e+002
 -6.2458831e+002
 -8.1616733e+001
  4.9852776e+002
  9.1738612e+002
  1.0092609e+003
  7.5454999e+002
  2.4603197e+002
 -3.4389296e+002
 -8.0638743e+002
 -9.7497104e+002
 -7.9363007e+002
 -3.2391016e+002
  2.6945232e+002
  7.7378909e+002
  1.0104110e+003
  8.9758534e+002
  4.7685284e+002
 -1.0858950e+002
 -6.4779517e+002
 -9.5468031e+002
 -9.1562566e+002
 -5.4954731e+002
  2.1250000e+001
  6.2429731e+002
  9.8162566e+002
  1.0199303e+003
  6.9479517e+002
  1.4883950e+002
 -4.1560284e+002
 -7.8133534e+002
 -8.9516099e+002
 -6.7703909e+002
 -1.8120232e+002
  4.3916016e+002
  9.0338007e+002
  1.1327210e+003
  8.8288743e+002
  4.0939296e+002
 -1.7903197e+002
 -6.7754999e+002
 -9.4226095e+002
 -8.4688612e+002
 -4.3702776e+002
  1.9111673e+002
  9.3558831e+002
  1.3151799e+003
